1 0.8020119863013698 0.4940068493150685 0.08604452054794522 0.03595890410958901
1 0.5991010273972602 0.38869863013698636 0.06806506849315064 0.027397260273972605
1 0.48351883561643844 0.42808219178082196 0.06035958904109585 0.027397260273972605
1 0.38463184931506844 0.4195205479452055 0.07063356164383557 0.027397260273972605
1 0.2690496575342466 0.4991438356164384 0.047517123287671194 0.02226027397260282
1 0.17273116438356165 0.4503424657534246 0.05522260273972604 0.023972602739726057
1 0.9227311643835617 0.577054794520548 0.03724315068493155 0.017123287671232817
4 0.5939640410958904 0.4974315068493151 0.05265410958904106 0.049657534246575354
4 0.7981592465753425 0.6087328767123288 0.07577054794520549 0.05993150684931514
4 0.47067636986301375 0.6284246575342466 0.06549657534246578 0.037671232876712396
4 0.36601027397260283 0.6147260273972602 0.05907534246575345 0.03424657534246577
4 0.26904965753424664 0.5933219178082192 0.0449486301369863 0.0530821917808219
4 0.13677226027397257 0.6078767123287672 0.05008561643835618 0.034246575342465516
